.Random.seed <-
c(403L, 10L, -421344157L, 1545779457L, 878031984L, -2145718258L, 
-1230131079L, -1146114037L, 105791802L, -1345986500L, -515192961L, 
567631061L, 362070252L, -557663678L, -1655202403L, 58550295L, 
-1251152514L, -456338632L, 1127959579L, 1446933881L, -1740135480L, 
1109872630L, -1834175951L, -465501085L, 1831332914L, 2101340548L, 
358502343L, -1990720867L, 827957780L, -1898557254L, 858029317L, 
-1528740129L, 136448870L, 1789864688L, -537085421L, 1323340721L, 
2027093600L, -1225774082L, -1208740983L, -951880517L, -870666102L, 
-1787702420L, 1719687407L, 2067034917L, 124632540L, 654781362L, 
1229083309L, -543036825L, 193214862L, -1528672664L, -1158653333L, 
-682626039L, -1902728552L, -1544188474L, -743633631L, -1480909389L, 
187898146L, -1843801324L, -556282985L, 1925272461L, -1860186460L, 
1724768394L, -489584907L, -1267664561L, -1409976746L, 1385909504L, 
-1026140093L, -2092188703L, 88515408L, 575755694L, 1621965657L, 
1862300011L, -1864304422L, 687452572L, -907223649L, 139464693L, 
2100756108L, 1159109474L, 1764291389L, -807844937L, -59930530L, 
-996104808L, 1045467387L, 530451609L, -1650815704L, 1583692758L, 
1577042001L, -1866452221L, 48513682L, -715444188L, 486956775L, 
1759048509L, -1412428876L, -1069942758L, -549155995L, 1864439295L, 
-768632698L, -2055584752L, -500877645L, 1803248977L, -2115437312L, 
2130085854L, 631604265L, 1087677403L, -1718863638L, -94759284L, 
816335311L, -1343898235L, 376251964L, 1607740178L, -592754675L, 
159365959L, -950963922L, 1735866504L, -2096931445L, 1256433001L, 
1283508024L, 1042205158L, 649653633L, 960119059L, -1188602174L, 
1593039220L, -212434569L, 356717165L, -361227004L, -299141078L, 
-50670187L, 762804783L, -1260959946L, -44976288L, 977591715L, 
1951618753L, 983641776L, 1164544462L, 589192505L, -576253621L, 
1452503802L, -633478148L, 1735459903L, -1849590507L, 2064049708L, 
909036290L, -1104586787L, 1256719063L, -166060610L, -1978853384L, 
1865421787L, -1497158087L, 2131244936L, 1900332854L, 308639089L, 
-2024509533L, -1117726990L, 1129094724L, 1274134791L, 1275721949L, 
-719884844L, -1165664006L, -1894418363L, 1122762911L, -621893082L, 
-561275216L, -891206829L, 681520753L, 1408373664L, 633123646L, 
-1789814199L, -638570757L, 629780170L, -1921699796L, 912574511L, 
-1494746907L, -273542756L, -1621214222L, -337983891L, 1765495719L, 
-446083634L, 900107048L, -510164693L, -446809271L, 696762456L, 
-1169033978L, 387375329L, -109422477L, 1258042594L, -326040492L, 
871639383L, 1266370893L, 1189801188L, -544583478L, -773571275L, 
-376646769L, 343853206L, 2117851200L, -600719101L, 448933153L, 
2015985168L, -957395474L, -392576615L, 1524633131L, 105256730L, 
-1531187748L, 1360253919L, 1997099957L, 1898753356L, -1638741086L, 
150512381L, -331400201L, -1811995362L, -1508014120L, -798549701L, 
250556121L, -2041281944L, -917675114L, 236963601L, -129064765L, 
-1429897006L, 1336304996L, -1722345305L, -481645059L, 1584582644L, 
1863334106L, 541506085L, -2081679553L, -1369074490L, -257521328L, 
812611955L, 1442677649L, 1869911488L, 267545552L, 1338342754L, 
-727101720L, -1699320628L, 324297212L, -1959215630L, -35511168L, 
-570463756L, 1139083912L, 578263866L, -101954224L, -442495892L, 
52762004L, 1776648274L, 619109856L, -1786161972L, -558186848L, 
1251193218L, 1315793128L, 416254700L, 673588540L, -682422158L, 
-794774928L, 969046564L, -8869832L, -1527715558L, -1483709232L, 
-1445975748L, -405941356L, -822311038L, -282580032L, 1936881212L, 
372351376L, 1840969762L, -206842616L, -748050292L, 1173466908L, 
-400665454L, 1565513088L, -643547116L, -847984856L, 1784284730L, 
-656387632L, 2085796204L, -560790604L, -1995011566L, -1279285280L, 
-85022260L, 1011103968L, -998716382L, 2124624680L, -1452156404L, 
916206396L, -1834831886L, -1747344656L, -1447437756L, 1865416280L, 
917354298L, 2140147696L, 1862820540L, 656749844L, -1320698686L, 
866786400L, 922412412L, 1541464016L, -760868574L, -879839576L, 
1352636300L, -936729412L, 189348658L, 1480083008L, 1248052404L, 
1378792520L, 707638714L, -1622312432L, 742218988L, -2002828972L, 
-384322798L, 1676750240L, -630605108L, -610174368L, 135876546L, 
2105914152L, 1721465260L, -1954407108L, -1785898126L, -833114832L, 
-1623627996L, -1574681288L, 1292011226L, 1863098256L, -846980356L, 
238443412L, 237958210L, 1657566464L, -1477801924L, 793787728L, 
1830216866L, 803023688L, 2114903820L, -1063321892L, 540225362L, 
1754527360L, -1330694060L, -2127592472L, -788976902L, -630172336L, 
516259628L, 1439064948L, 747905938L, 857272928L, 1729173388L, 
1798387552L, 160056290L, -695870552L, 773606604L, -935224836L, 
553875378L, 1679295984L, 1027843524L, 755431768L, 2021559674L, 
166935984L, -198122564L, 1332367444L, 1724182466L, 2122768416L, 
-1593347908L, -1026794928L, 2046207970L, -1343586712L, 564907596L, 
-291491588L, -1587218446L, -1916017408L, -1989401740L, -1581277176L, 
-2074709574L, -532193840L, 589100012L, 405293972L, 1878088658L, 
2026121056L, -807599796L, -1186598624L, -1335357566L, -545585432L, 
1048172780L, -1526245828L, -281185422L, 1796986480L, 1824187428L, 
-1274040520L, 1475057818L, 2137943760L, -1768960836L, 764168852L, 
465724034L, 618336448L, -787217092L, 1789417616L, 855496226L, 
-1429556728L, 1835285772L, 781009564L, -862292462L, -1726539392L, 
-227993068L, -830022104L, -589373126L, 693349328L, -219918740L, 
2033533748L, 1381982866L, 714204512L, 307518796L, 1344533472L, 
-766980190L, -869105752L, -166991988L, -2021291332L, -820821134L, 
-1870780176L, -1590602684L, -142838440L, 1383067706L, -1013394576L, 
-1992473540L, 424594196L, -1979673150L, -800764704L, 1315741564L, 
1854367440L, 1605548706L, -881052632L, -351772404L, 1574509500L, 
1418128690L, -1169455168L, -1552185804L, -295545912L, 273149114L, 
-1862934640L, -159071764L, -1916132268L, -370730350L, 1138641696L, 
-1280841268L, 43680736L, 1050037954L, 74606120L, -1169670484L, 
-1453920580L, -1333030414L, 156619056L, 1589614756L, 19749560L, 
-781580454L, -1342153328L, 1818029436L, -666334956L, -1992993470L, 
1304081152L, -657505348L, -1349078192L, 1483164962L, -1504331448L, 
1701333058L, -2113722281L, -2048078943L, 1644670054L, 268362852L, 
1893580693L, -2134779713L, 19458136L, 2035678326L, -2008972157L, 
-1636997947L, 1740071394L, 2000144464L, -1227900551L, 1350090411L, 
1571468828L, -1706016438L, -863186625L, 576993161L, -1652721762L, 
753509964L, 689131549L, -890076761L, -1803115312L, -1886435730L, 
1174561051L, -760139139L, 589211754L, -267455224L, 1092870577L, 
-125454813L, -829148380L, 2108478418L, -1433300953L, -29758863L, 
11526326L, 649582676L, 1003669733L, 1598751983L, 759277608L, 
-1610351482L, -2124278093L, -1853155307L, -499901838L, -2089081152L, 
1918819113L, -1460774501L, 1794514540L, 636666490L, 1101661103L, 
207787705L, 1349753038L, 1605423644L, 1792342413L, -47384585L, 
1081875200L, 466329950L, -1122213333L, 836799789L, -6565478L, 
1936355160L, 1294083777L, 1574902131L, -973581676L, 679331618L, 
598598199L, -212359423L, -1795777018L, -1087708092L, -583461515L, 
2047178975L, -692892616L, 863661078L, -1419178973L, -974128155L, 
-1551536638L, -1397160848L, 1498624537L, 1100028939L, 1482260220L, 
-994822358L, -1756079777L, 150974697L, -1221261314L, -14939156L, 
1276460861L, -318659833L, 1055455984L, -1743101298L, -410370885L, 
668883101L, 1602135114L, 667696744L, -309644719L, 544305475L, 
808773700L, 1947544306L, -2076740921L, 561565841L, -2087985642L, 
-1445127052L, -641951995L, 1485485391L, 2044479304L, -849719578L, 
1262317587L, -1975351435L, -665917614L, 1484742560L, -1747129719L, 
512495291L, -266781428L, 1937817754L, -661146097L, -1002724775L, 
-541253906L, -1680949892L, -353272339L, 215505559L, -503270048L, 
792179006L, -335799797L, 363273869L, 1969161146L, 1440356856L, 
-480713311L, 1440185171L, 146707060L, -1819462654L, -223373673L, 
-1083277215L, -1043489626L, -270701404L, 319237461L, -298908161L, 
1859161240L, -625362506L, 833716803L, -982554747L, -57261022L, 
1336231696L, -455060807L, 2121811819L, 1125238364L, -646116470L, 
